990.805000 0.000101 -0.010211 0.100000 0.000001 0.000270 0.000011 1.000000
1268.313000 0.353071 -0.019859 0.099999 -0.000005 -0.000299 0.000520 1.000000
1269.414000 0.870097 -0.017041 0.100071 0.000202 -0.000545 0.004236 0.999991
1270.464000 0.864211 -0.015530 0.099995 -0.000107 -0.000123 -0.659621 0.751598
1271.540000 0.762382 -0.162980 0.099937 0.000336 0.000230 0.891773 -0.452482
1272.664000 0.536455 -0.466890 0.099998 0.000284 0.000145 0.877822 -0.478987
1273.664000 0.543312 -0.455751 0.099999 0.000026 0.000055 -0.340870 0.940111
1274.765000 0.798037 -0.566666 0.099954 -0.000116 -0.000372 -0.218291 0.975884
1275.765000 0.867427 -0.664985 0.099945 -0.000247 -0.000330 -0.478044 0.878336
1276.865000 1.113947 -1.029653 0.099915 -0.000252 -0.000308 -0.462090 0.886833
1277.966000 1.401246 -1.444821 0.099903 -0.000229 -0.000301 -0.462445 0.886648
1279.069000 1.566744 -1.596360 0.099941 -0.000086 -0.000383 -0.276380 0.961048
1280.120000 1.831082 -1.764454 0.099976 -0.000079 -0.000364 -0.294156 0.955757
1281.146000 2.116304 -2.001012 0.099906 0.000014 -0.000356 -0.348394 0.937348
1282.221000 2.315532 -2.111625 0.099954 -0.000091 -0.000374 -0.225843 0.974164
1283.246000 2.507833 -2.210912 0.100002 0.000001 0.000043 -0.006188 0.999981
1284.246000 2.561464 -2.145804 0.099954 0.000112 -0.000405 0.397403 0.917644
1285.271000 2.839483 -1.849068 0.099931 0.000147 -0.000397 0.392221 0.919871
1287.297000 2.879926 -1.815027 0.100002 0.000003 -0.000149 0.027088 0.999633
1288.421000 2.937657 -1.886888 0.099950 -0.000248 -0.000315 -0.498360 0.866970
1289.447000 3.144644 -2.220963 0.099907 -0.000270 -0.000255 -0.477096 0.878851
1290.450000 3.389933 -2.601344 0.099901 -0.000250 -0.000278 -0.478104 0.878303
1291.597000 3.518681 -2.803176 0.099999 0.000236 0.000200 -0.768921 0.639344
1292.647000 3.374486 -2.993492 0.099936 0.000366 0.000188 0.910779 -0.412894
1293.651000 3.086796 -3.313882 0.099910 0.000341 0.000122 0.915556 -0.402190
1294.651000 2.772676 -3.659200 0.099900 0.000322 0.000110 0.917230 -0.398358
1295.707000 2.425867 -4.034309 0.099994 0.000279 0.000114 0.917729 -0.397206
1296.760000 2.069999 -4.412738 0.100001 0.000153 0.000064 0.918564 -0.395272
1297.835000 1.914064 -4.662617 0.099987 -0.000320 -0.000082 -0.830861 0.556480
1298.886000 1.864073 -5.061718 0.100000 -0.000217 -0.000249 -0.651570 0.758589
1299.961000 2.059614 -5.413760 0.099939 -0.000235 -0.000349 -0.357896 0.933761
1301.060000 2.434953 -5.586842 0.100002 0.000017 0.000290 -0.068806 0.997630
1302.061000 2.804372 -5.525515 0.100000 0.000019 -0.000073 0.243876 0.969807
1303.064000 3.082621 -5.261106 0.099935 0.000132 -0.000379 0.490728 0.871313
1304.164000 3.194144 -4.887566 0.100000 0.000074 -0.000079 0.695094 0.718919
1305.165000 3.105437 -4.511951 0.099960 0.000317 -0.000220 0.857989 0.513667
1306.192000 3.068020 -4.425778 0.099999 0.000082 -0.000133 0.566797 0.823858
1307.196000 3.225653 -4.243338 0.099937 0.000164 -0.000377 0.403497 0.914981
1308.273000 3.445988 -3.999647 0.099937 0.000154 -0.000374 0.393258 0.919428
1309.300000 3.739470 -3.696399 0.099928 0.000065 -0.000325 0.388599 0.921407
1310.354000 3.917275 -3.430402 0.099998 -0.000049 0.000058 0.550121 0.835085
1311.354000 3.969211 -3.044435 0.100001 0.000244 -0.000215 0.755362 0.655308
1314.455000 3.959826 -2.997315 0.100000 -0.000273 -0.000042 0.991617 -0.129214
1316.608000 3.954639 -2.997095 0.100003 0.000312 -0.000086 0.969994 0.243128
1317.686000 3.950700 -2.997164 0.100000 0.000207 -0.000037 0.992371 0.123290
1318.714000 3.885503 -3.064395 0.099948 0.000373 0.000127 0.916607 -0.399789
1319.714000 3.619525 -3.356635 0.099929 0.000385 0.000164 0.915800 -0.401635
1320.743000 3.583381 -3.399875 0.100000 0.000275 -0.000048 0.990592 0.136849
1321.818000 3.585323 -3.370324 0.099997 0.000224 -0.000269 0.644869 0.764293
1322.868000 3.701848 -2.993082 0.099955 0.000136 -0.000365 0.563604 0.826045
1324.920000 3.707687 -2.978501 0.100001 0.000049 -0.000085 0.499170 0.866504
1325.921000 3.731918 -2.987603 0.100001 0.000009 -0.000311 0.068846 0.997627
1330.178000 3.752573 -2.993037 0.100000 0.000029 -0.000214 0.150003 0.988685
1331.279000 3.751169 -2.994426 0.100002 0.000086 -0.000079 0.745727 0.666251
1332.279000 3.747279 -2.991761 0.099997 0.000352 -0.000127 0.929325 0.369264
1339.708000 3.720666 -2.983938 0.100000 -0.000016 -0.000006 0.991242 0.132058
1340.709000 3.443996 -2.927250 0.100092 0.000022 -0.000341 0.989531 0.144324
1341.787000 3.429759 -2.915967 0.100000 -0.000118 0.000127 0.655599 0.755109
1342.812000 3.555900 -2.818306 0.099943 0.000060 -0.000419 0.303100 0.952959
1344.863000 3.584394 -2.793442 0.100002 0.000135 -0.000284 0.428086 0.903738
1345.864000 3.577194 -2.769626 0.099996 0.000286 -0.000190 0.809138 0.587618
1346.966000 3.404883 -2.387647 0.099937 0.000343 -0.000225 0.850284 0.526323
1348.066000 3.284776 -2.148214 0.100001 0.000102 -0.000099 0.711207 0.702983
1349.168000 3.386415 -1.949578 0.099945 0.000230 -0.000349 0.501298 0.865275
1350.271000 3.506097 -1.599779 0.100002 -0.000137 0.000153 0.661820 0.749662
1351.297000 3.441108 -1.212974 0.100002 -0.000019 0.000009 0.856441 0.516245
1352.422000 3.154832 -0.942223 0.099969 0.000366 -0.000084 0.972251 0.233941
1353.471000 2.852656 -0.720875 0.099996 0.000052 -0.000010 0.905713 0.423892
1354.473000 2.696351 -0.414828 0.100001 0.000199 -0.000151 0.790507 0.612452
1355.553000 2.720278 0.002776 0.100001 0.000192 -0.000275 0.573464 0.819231
1356.556000 2.925413 0.301530 0.099962 0.000170 -0.000277 0.352027 0.935990
1357.606000 3.200692 0.481189 0.099968 0.000090 -0.000313 0.294339 0.955701
1358.658000 3.445795 0.761838 0.099980 0.000064 -0.000336 0.511478 0.859296
1359.757000 3.532644 1.165664 0.099992 0.000048 -0.000037 0.741677 0.670758
1360.857000 3.469635 1.387115 0.100002 -0.000243 0.000233 0.720295 0.693667
1361.906000 3.469621 1.387102 0.100000 -0.000052 0.000239 0.203322 0.979112
1362.907000 3.470839 1.387439 0.100000 0.000100 0.000142 -0.545009 0.838430
1363.967000 3.471047 1.387919 0.100002 0.000279 0.000079 0.961722 -0.274027
1365.071000 3.470983 1.387962 0.100000 0.000149 -0.000057 0.938057 0.346482
1366.122000 3.489198 1.423508 0.099979 0.000192 -0.000322 0.501584 0.865109
1367.199000 3.726833 1.745587 0.099908 0.000194 -0.000302 0.433218 0.901289
1368.200000 3.902834 1.996138 0.099935 0.000169 -0.000358 0.505526 0.862811
1369.202000 4.052275 2.307021 0.099951 0.000241 -0.000318 0.474687 0.880155
1370.202000 4.309280 2.543188 0.099941 0.000085 -0.000398 0.245502 0.969396
1371.305000 4.666428 2.689325 0.099976 0.000074 -0.000394 0.255421 0.966830
1372.357000 4.945615 2.973727 0.100000 0.000017 -0.000047 0.500904 0.865503
1373.458000 5.035641 3.363786 0.100001 0.000242 -0.000230 0.732013 0.681291
1374.458000 4.902492 3.733535 0.099991 0.000203 -0.000103 0.893909 0.448248
1375.513000 4.829448 3.828316 0.100001 -0.000126 0.000006 0.999413 0.034245
1376.613000 4.541173 3.748835 0.099980 0.000361 0.000124 0.984790 -0.173749
1377.613000 4.106211 3.575865 0.099956 0.000345 0.000165 0.980994 -0.194040
1378.671000 3.767171 3.435334 0.100002 0.000340 0.000031 0.995725 -0.092365
1379.775000 3.626652 3.492399 0.100001 0.000219 -0.000055 0.972698 0.232073
1380.825000 3.613283 3.517658 0.100000 -0.000190 0.000246 0.610468 0.792041
1381.857000 3.732875 3.753890 0.100036 0.000138 -0.000452 0.500984 0.865457
1382.858000 3.713194 3.829794 0.099995 0.000312 -0.000165 0.794137 0.607738
1383.885000 3.572441 4.246403 0.099962 0.000371 -0.000145 0.820971 0.570970
1385.017000 3.378377 4.755921 0.099957 0.000369 -0.000148 0.824411 0.565992
1386.067000 3.245924 5.100139 0.100000 -0.000027 0.000017 0.747864 0.663852
1387.121000 3.354990 5.272710 0.099938 0.000243 -0.000344 0.450969 0.892539
1388.197000 3.586742 5.547120 0.099979 0.000155 -0.000295 0.225068 0.974343
1389.201000 3.719696 5.572926 0.100000 -0.000026 -0.000332 -0.101029 0.994883
1390.251000 3.752987 5.572923 0.099998 -0.000048 -0.000329 -0.176134 0.984366
1391.301000 3.772517 5.577824 0.099999 0.000063 -0.000178 0.310388 0.950610
1392.352000 3.833066 5.758048 0.099972 0.000170 -0.000348 0.581716 0.813392
1393.408000 4.002360 6.196291 0.099948 0.000184 -0.000362 0.555222 0.831702
1394.408000 4.188062 6.635715 0.099931 0.000080 -0.000347 0.550100 0.835099
1395.459000 4.387904 7.104554 0.099939 0.000186 -0.000354 0.548711 0.836012
1396.511000 4.403920 7.159954 0.100000 -0.000044 0.000012 0.925216 0.379441
1397.512000 4.243423 7.213753 0.099969 0.000356 -0.000114 0.984352 0.176212
1398.562000 3.810785 7.384922 0.099953 0.000379 -0.000121 0.981245 0.192767
1399.564000 3.368643 7.569370 0.099959 0.000357 -0.000080 0.980351 0.197260
1400.614000 3.356758 7.566389 0.099985 0.000374 0.000049 0.941204 -0.337837
1401.714000 3.096066 7.292107 0.099931 0.000382 0.000158 0.916224 -0.400666
1402.765000 2.777905 6.945288 0.099908 0.000343 0.000118 0.917507 -0.397720
1403.817000 2.742766 6.888071 0.099998 0.000196 0.000261 -0.578956 0.815359
1404.894000 2.902104 6.672288 0.099935 -0.000209 -0.000360 -0.436093 0.899902
1405.969000 3.192618 6.308780 0.099914 -0.000190 -0.000334 -0.431044 0.902331
1407.019000 3.309340 6.152360 0.100002 -0.000036 -0.000041 -0.710779 0.703415
1408.071000 3.258688 5.995646 0.100001 0.000098 0.000089 -0.733806 0.679359
1409.148000 3.354068 5.696126 0.099963 -0.000160 -0.000364 -0.563676 0.825996
1410.252000 3.477158 5.363426 0.100000 -0.000171 -0.000277 -0.528610 0.848865
1411.262000 3.438838 5.235254 0.099980 -0.000324 -0.000183 -0.816367 0.577534
1412.262000 3.261064 4.838530 0.099937 -0.000333 -0.000191 -0.846869 0.531802
1413.265000 3.054909 4.412460 0.099928 -0.000342 -0.000139 -0.851158 0.524910
1414.313000 3.033994 4.368485 0.100002 0.000303 0.000027 0.995614 -0.093558
1415.367000 2.752214 4.400851 0.099987 0.000350 -0.000089 0.996411 0.084642
1416.367000 2.285239 4.495450 0.099978 0.000339 -0.000157 0.994357 0.106083
1417.417000 1.778264 4.607890 0.100001 0.000185 -0.000022 0.993849 0.110744
1418.417000 1.564112 4.622378 0.100001 0.000335 0.000029 0.996648 -0.081805
1419.469000 1.117604 4.489830 0.099971 0.000359 0.000165 0.986365 -0.164573
1420.518000 0.633363 4.319549 0.099968 0.000364 0.000169 0.985331 -0.170652
1421.595000 0.131840 4.138298 0.100000 0.000315 0.000062 0.984726 -0.174113
1422.671000 -0.278798 3.989285 0.100000 0.000309 0.000043 0.992828 -0.119548
1423.824000 -0.296660 4.024996 0.099966 0.000325 -0.000200 0.849620 0.527396
1424.849000 -0.438259 4.294954 0.100022 -0.000221 0.000186 0.884421 0.466689
1425.851000 -0.427031 4.285987 0.100002 0.000307 0.000010 0.999200 -0.039997
1426.856000 -0.427068 4.285960 0.100002 0.000066 0.000025 0.940388 -0.340103
1427.908000 -0.427683 4.286283 0.100001 0.000001 -0.000014 0.967292 0.253667
1428.910000 -0.648053 4.463846 0.099934 0.000416 -0.000065 0.942899 0.333077
1429.915000 -0.986445 4.741281 0.099907 0.000373 -0.000032 0.942789 0.333390
1430.916000 -1.091519 4.849418 0.099975 0.000328 -0.000180 0.833418 0.552644
1432.041000 -1.166012 5.040944 0.100001 0.000236 -0.000250 0.682916 0.730497
1433.116000 -1.088058 5.457617 0.099977 0.000160 -0.000364 0.615723 0.787962
1434.265000 -0.947796 5.991955 0.099975 0.000178 -0.000338 0.606342 0.795204
1435.317000 -0.951804 5.994492 0.099999 0.000060 -0.000287 0.204182 0.978933
1436.419000 -0.943014 6.035133 0.100001 0.000222 -0.000262 0.667972 0.744186
1437.517000 -0.849051 6.474254 0.099972 0.000160 -0.000354 0.609241 0.792985
1438.618000 -0.706817 6.986151 0.099965 0.000150 -0.000373 0.600057 0.799957
1439.622000 -0.565714 7.461384 0.100000 0.000173 -0.000238 0.594741 0.803917
1440.698000 -0.412913 7.958662 0.100119 0.000209 0.000283 0.594298 0.804245
1441.797000 -0.388567 7.977177 0.100001 -0.000005 -0.000290 -0.018193 0.999834
1442.853000 -0.403973 7.970346 0.100002 0.000050 -0.000135 0.354583 0.935025
1443.853000 -0.413898 7.960739 0.100001 -0.000235 0.000152 0.839747 0.542978
1444.905000 -0.472251 7.975241 0.100000 0.000321 -0.000002 0.999988 -0.004862
1445.908000 -0.732825 7.970785 0.100002 -0.000018 0.000006 0.993449 0.114279
1446.916000 -1.003426 8.097760 0.099947 0.000387 -0.000086 0.972462 0.233063
1447.967000 -1.418976 8.317445 0.099937 0.000397 -0.000097 0.969612 0.244646
1449.016000 -1.429509 8.303600 0.099980 0.000389 0.000053 0.922894 -0.385054
1450.019000 -1.652043 8.040709 0.099933 0.000375 0.000190 0.906432 -0.422351
1451.119000 -1.967270 7.664517 0.099903 0.000333 0.000140 0.908084 -0.418789
1452.196000 -2.296480 7.273877 0.099906 0.000312 0.000140 0.908121 -0.418709
1453.271000 -2.508068 7.022368 0.100002 -0.000146 -0.000100 -0.826493 0.562947
1454.319000 -2.454801 6.877797 0.099959 -0.000192 -0.000339 -0.537715 0.843126
1455.348000 -2.256948 6.491134 0.099926 -0.000215 -0.000308 -0.513221 0.858256
1456.399000 -2.144854 6.281001 0.100002 -0.000091 -0.000279 -0.306206 0.951965
1457.402000 -1.980733 6.251850 0.099989 -0.000082 -0.000347 -0.119036 0.992890
1458.501000 -1.505633 6.103095 0.099962 -0.000133 -0.000365 -0.158707 0.987326
1459.526000 -1.104599 5.969814 0.100076 0.000180 -0.000234 -0.184586 0.982816
1460.552000 -1.098552 5.932529 0.099999 -0.000197 -0.000278 -0.627058 0.778972
1461.652000 -0.981023 5.490318 0.099978 -0.000112 -0.000375 -0.595392 0.803435
1462.704000 -0.829000 5.000793 0.099971 -0.000130 -0.000377 -0.591420 0.806364
1463.853000 -0.772326 4.847833 0.099998 0.000244 0.000145 0.875542 -0.483142
1464.952000 -0.991063 4.673892 0.099931 0.000413 0.000047 0.949655 -0.313299
1466.051000 -1.373866 4.385313 0.099894 0.000341 -0.000019 0.950432 -0.310932
1467.103000 -1.565640 4.243890 0.100001 0.000235 0.000023 0.996087 -0.088379
1468.104000 -1.622361 4.293298 0.099945 0.000386 -0.000040 0.935306 0.353840
1469.154000 -1.676813 4.347459 0.099999 0.000303 -0.000051 0.999197 -0.040064
1470.205000 -2.047456 4.255614 0.099986 0.000227 0.000095 0.986175 -0.165707
1471.213000 -2.504386 4.093128 0.099975 0.000387 0.000171 0.984735 -0.174058
1472.319000 -3.016966 3.902839 0.099985 0.000206 0.000121 0.983961 -0.178384
1473.420000 -3.214338 3.894587 0.099998 0.000343 -0.000045 0.996491 0.083693
1474.451000 -3.662640 4.009700 0.099967 0.000353 -0.000131 0.990476 0.137683
1475.556000 -4.178583 4.160117 0.099966 0.000361 -0.000140 0.989432 0.144999
1476.556000 -4.653506 4.304423 0.100002 0.000291 -0.000044 0.988943 0.148300
1477.581000 -5.142819 4.455030 0.100000 0.000307 -0.000048 0.988844 0.148954
1478.658000 -5.657353 4.613618 0.099999 0.000328 -0.000042 0.988849 0.148922
1479.759000 -5.766137 4.648367 0.100001 -0.000190 0.000166 0.762285 0.647241
1480.809000 -5.678708 4.857643 0.100109 -0.000240 -0.000336 0.512895 0.858451
1481.834000 -5.636558 4.861800 0.100000 0.000008 -0.000334 0.038032 0.999276
1482.840000 -5.453764 4.896399 0.099977 0.000053 -0.000371 0.281593 0.959534
1483.847000 -5.269367 5.044238 0.099953 0.000107 -0.000401 0.343029 0.939325
1484.847000 -5.059857 5.214583 0.100002 -0.000094 0.000192 0.417521 0.908667
1485.897000 -5.042695 5.369298 0.099994 0.000197 -0.000296 0.632175 0.774825
1486.922000 -4.918298 5.790192 0.100025 0.000169 -0.000478 0.583060 0.812429
1487.999000 -4.803964 5.869749 0.099945 -0.000008 -0.000427 0.289778 0.957094
1489.050000 -4.460302 6.124174 0.099911 -0.000013 -0.000402 0.314353 0.949306
1490.052000 -4.457820 6.146298 0.100000 0.000228 -0.000249 0.688293 0.725433
1491.052000 -4.399170 6.533768 0.099976 0.000159 -0.000349 0.622543 0.782586
1492.182000 -4.268823 7.063831 0.099970 0.000154 -0.000361 0.612671 0.790338
1493.256000 -4.184117 7.396361 0.100001 0.000028 -0.000026 0.734479 0.678631
1494.307000 -4.297039 7.532599 0.099941 0.000369 -0.000164 0.913957 0.405812
1495.381000 -4.598449 7.862147 0.099891 0.000276 -0.000090 0.917162 0.398514
1496.384000 -4.841934 8.123832 0.100002 0.000281 -0.000104 0.940127 0.340824
1497.459000 -4.897874 8.087934 0.099978 0.000372 0.000074 0.973795 -0.227425
1498.484000 -5.243553 7.866042 0.099912 0.000411 -0.000028 0.956249 -0.292554
1499.565000 -5.652590 7.585769 0.099912 0.000376 0.000036 0.957348 -0.288938
1500.618000 -6.073046 7.305265 0.099955 0.000363 0.000210 0.958595 -0.284773
1501.619000 -6.381018 7.105197 0.100000 -0.000150 -0.000059 0.937582 -0.347765
1502.648000 -6.386656 7.086445 0.100002 -0.000167 -0.000276 -0.521770 0.853086
1503.747000 -6.192429 6.820221 0.099930 -0.000210 -0.000353 -0.438500 0.898731
1504.797000 -5.907408 6.456430 0.099914 -0.000196 -0.000339 -0.436124 0.899887
1505.923000 -5.578239 6.037520 0.099925 -0.000072 -0.000338 -0.433964 0.900930
1507.002000 -5.250698 5.624829 0.100002 -0.000071 -0.000146 -0.433492 0.901158
1508.002000 -5.105628 5.436810 0.099999 -0.000156 -0.000172 -0.649673 0.760214
1509.056000 -5.182006 5.207378 0.099962 -0.000355 -0.000187 -0.828678 0.559726
1510.057000 -5.366106 4.800703 0.099937 -0.000356 -0.000204 -0.846140 0.532960
1511.057000 -5.429544 4.698491 0.099966 0.000375 0.000075 0.965901 -0.258913
1512.218000 -5.794129 4.478918 0.099923 0.000387 0.000013 0.961965 -0.273172
1513.268000 -6.199150 4.225487 0.099910 0.000361 0.000036 0.962466 -0.271401
1514.318000 -6.625802 3.961653 0.099965 0.000261 0.000062 0.962943 -0.269706
1515.370000 -6.979928 3.746201 0.100002 0.000323 0.000101 0.954695 -0.297585
1516.495000 -7.042199 3.600026 0.099961 -0.000343 -0.000212 -0.853056 0.521819
1517.523000 -7.132110 3.446764 0.100001 0.000226 0.000238 -0.694816 0.719187
1518.550000 -7.038414 3.303771 0.099935 -0.000240 -0.000327 -0.462414 0.886664
1519.599000 -6.782341 2.950312 0.099916 -0.000239 -0.000316 -0.450126 0.892965
1520.650000 -6.712953 2.841033 0.100002 -0.000224 -0.000173 -0.792416 0.609981
1521.676000 -6.856562 2.654720 0.099937 0.000360 0.000197 0.904965 -0.425486
1522.702000 -7.070157 2.399276 0.100002 0.000300 0.000118 0.929837 -0.367972
1523.780000 -7.199440 2.397095 0.099998 0.000324 0.000004 0.999806 0.019703
1524.857000 -7.600813 2.431648 0.100003 0.000345 -0.000014 0.999867 0.016312
1525.932000 -7.624382 2.375833 0.099963 -0.000341 -0.000186 -0.834450 0.551084
1526.958000 -7.750983 2.081732 0.100006 -0.000265 -0.000141 -0.863311 0.504673
1528.009000 -7.811623 2.086622 0.099999 0.000331 0.000012 0.999442 -0.033400
1529.060000 -8.259931 2.008514 0.100001 0.000338 0.000040 0.993847 -0.110764
1530.108000 -8.764398 1.890330 0.100002 0.000217 0.000026 0.993202 -0.116407
1531.110000 -8.900696 1.864514 0.099999 -0.000148 0.000026 0.964608 0.263689
1532.259000 -8.900478 1.955734 0.099999 0.000210 -0.000264 0.636256 0.771478
1533.312000 -8.770831 2.386239 0.099957 0.000113 -0.000371 0.580735 0.814093
1534.361000 -8.663821 2.706606 0.099991 0.000194 -0.000286 0.638190 0.769879
1535.361000 -8.612004 2.949608 0.100002 0.000178 -0.000289 0.523831 0.851822
1546.852000 -8.608965 2.966414 0.100000 -0.000008 0.000025 0.398218 0.917291
1547.909000 -8.609064 2.965467 0.100008 -0.000044 -0.000362 -0.173114 0.984902
1550.058000 -8.610219 2.965960 0.099997 0.000139 0.000282 -0.420394 0.907342
1551.063000 -8.616188 2.981061 0.100002 0.000134 0.000075 0.869995 -0.493061
1552.163000 -8.628334 2.981722 0.100001 0.000181 -0.000025 0.989101 0.147238
1553.269000 -8.827785 3.101073 0.100002 0.000320 -0.000110 0.946113 0.323837
1554.320000 -8.825248 3.138954 0.100001 0.000227 -0.000247 0.678652 0.734460
1555.346000 -8.755148 3.554608 0.099980 0.000166 -0.000345 0.627520 0.778600
1556.399000 -8.689379 3.839353 0.100001 0.000144 -0.000121 0.766825 0.641856
1557.399000 -8.723029 3.847805 0.099975 0.000352 -0.000089 0.980665 0.195694
1558.453000 -9.086017 4.021751 0.099944 0.000397 -0.000093 0.971909 0.235357
1559.456000 -9.202212 4.061185 0.100001 0.000337 0.000035 0.995753 -0.092069
1560.456000 -9.581205 3.952450 0.099973 0.000350 0.000154 0.987459 -0.157877
1561.505000 -10.058285 3.790193 0.099969 0.000358 0.000168 0.986209 -0.165507
1562.584000 -10.560527 3.616077 0.099993 -0.000078 0.000016 0.986081 -0.166266
1563.735000 -10.892672 3.504882 0.100000 0.000324 -0.000012 0.999670 0.025686
1564.762000 -11.255403 3.569170 0.099973 0.000355 -0.000132 0.991879 0.127184
1565.762000 -11.716096 3.695920 0.099968 0.000369 -0.000138 0.990300 0.138944
1566.862000 -12.236476 3.848513 0.100001 0.000313 -0.000046 0.989372 0.145408
1567.865000 -12.711445 3.991765 0.100001 0.000202 -0.000035 0.989035 0.147683
1568.914000 -13.212018 4.145587 0.100002 0.000316 -0.000049 0.988850 0.148915
1569.916000 -13.341788 4.179718 0.099996 0.000062 0.000014 0.967321 -0.253556
1570.964000 -13.611983 3.978817 0.099931 0.000421 0.000047 0.946664 -0.322221
1572.017000 -13.922774 3.734057 0.100000 0.000110 0.000048 0.953384 -0.301759
1573.049000 -13.966583 3.761520 0.099986 0.000350 -0.000087 0.978619 0.205682
1574.049000 -14.306798 3.968703 0.099923 0.000387 -0.000027 0.957712 0.287728
1575.101000 -14.695828 4.229718 0.100031 -0.000104 0.000358 0.957116 0.289704
1576.104000 -14.667368 4.229549 0.100001 -0.000228 -0.000069 0.953428 -0.301621
1577.204000 -14.656854 4.218660 0.100002 -0.000076 -0.000135 -0.486088 0.873910
1578.260000 -14.529725 4.183399 0.099988 -0.000086 -0.000348 -0.121122 0.992638
1579.311000 -14.088940 4.045537 0.099960 -0.000132 -0.000363 -0.158507 0.987358
1580.363000 -13.606761 3.884999 0.099958 -0.000136 -0.000369 -0.162978 0.986630
1581.443000 -13.103697 3.712348 0.099963 -0.000147 -0.000374 -0.166266 0.986081
1582.467000 -12.880163 3.680826 0.099998 0.000002 -0.000327 0.026800 0.999641
1583.546000 -12.389437 3.730566 0.100001 0.000017 -0.000335 0.065947 0.997823
1584.649000 -11.846324 3.807648 0.100002 0.000001 -0.000025 0.071780 0.997420
1585.749000 -11.302211 3.886477 0.100000 0.000001 -0.000060 0.071958 0.997408
1586.850000 -10.757602 3.965397 0.100001 0.000024 -0.000336 0.071863 0.997414
1587.851000 -10.262362 4.037189 0.100002 0.000004 -0.000057 0.071887 0.997413
1588.852000 -9.767125 4.108997 0.100000 -0.000019 0.000256 0.071995 0.997405
1589.951000 -9.657325 4.124232 0.100000 0.000119 0.000311 -0.358369 0.933580
1590.979000 -9.466846 3.892074 0.099934 -0.000198 -0.000367 -0.427200 0.904157
1592.008000 -9.180558 3.544799 0.099897 -0.000153 -0.000291 -0.422389 0.906414
1593.058000 -8.861679 3.166667 0.099914 -0.000149 -0.000330 -0.417843 0.908519
1594.207000 -8.697707 2.950046 0.099936 -0.000200 -0.000363 -0.424682 0.905342
1595.208000 -8.684970 2.897649 0.100002 -0.000245 -0.000237 -0.719523 0.694468
1596.210000 -8.722093 2.489623 0.099989 -0.000307 -0.000184 -0.753028 0.657988
1597.291000 -8.775670 2.116508 0.100001 -0.000174 -0.000120 -0.833739 0.552159
1598.316000 -8.817252 2.102278 0.100001 0.000337 -0.000014 0.999399 0.034672
1599.369000 -9.221642 2.171110 0.099978 0.000364 -0.000127 0.993483 0.113977
1600.446000 -9.725939 2.294437 0.099971 0.000359 -0.000137 0.992241 0.124331
1601.522000 -10.242144 2.429066 0.100001 0.000308 -0.000039 0.991640 0.129035
1602.550000 -10.733551 2.557348 0.100002 -0.000148 0.000022 0.990174 0.139841
1603.650000 -10.771046 2.559050 0.100002 0.000333 -0.000069 0.977627 0.210345
1609.961000 -10.796607 2.559052 0.100001 0.000337 -0.000093 0.965867 0.259037
1616.148000 -10.828397 2.559057 0.100000 0.000333 -0.000004 0.998784 0.049307
1618.206000 -11.158427 2.506723 0.099994 0.000341 0.000105 0.991115 -0.133007
1619.256000 -11.637426 2.352625 0.099969 0.000351 0.000169 0.986985 -0.160809
1620.307000 -12.127671 2.184037 0.099969 0.000361 0.000170 0.985961 -0.166974
1621.308000 -12.596733 2.018333 0.100002 0.000279 0.000049 0.985371 -0.170423
1622.312000 -12.771731 1.997423 0.100000 0.000334 -0.000012 0.999340 0.036332
1623.413000 -13.261782 2.066446 0.099984 0.000347 -0.000113 0.996476 0.083883
1624.414000 -13.746889 2.151656 0.099994 0.000257 -0.000064 0.996019 0.089144
1625.417000 -14.239440 2.241418 0.099998 -0.000083 0.000006 0.995898 0.090483
1626.522000 -14.329487 2.253499 0.100001 0.000200 0.000036 0.982820 -0.184568
1627.549000 -14.325022 2.275695 0.100000 -0.000156 -0.000181 -0.630717 0.776013
1628.657000 -14.329870 2.290416 0.100000 0.000005 0.000052 0.014975 0.999888
1629.662000 -14.306129 2.310443 0.099998 -0.000032 0.000049 0.632791 0.774322
1630.813000 -14.285940 2.293016 0.100002 -0.000088 -0.000001 0.995107 0.098802
1631.863000 -14.328551 2.243910 0.099955 0.000401 0.000085 0.932069 -0.362280
1632.966000 -14.647750 1.953271 0.099931 0.000415 0.000100 0.934273 -0.356558
1634.066000 -14.950905 1.679315 0.099998 -0.000300 -0.000131 0.924518 -0.381138
1635.115000 -14.931865 1.602178 0.100001 -0.000214 -0.000263 -0.646757 0.762696
1636.166000 -14.802938 1.154977 0.099970 -0.000131 -0.000370 -0.587012 0.809578
1637.170000 -14.648172 0.689357 0.099998 -0.000076 -0.000130 -0.583184 0.812340
1638.269000 -14.475693 0.180617 0.100129 -0.000006 0.000254 -0.581065 0.813857
1639.270000 -14.470531 0.167618 0.100001 0.000110 0.000261 -0.379974 0.924997
1640.298000 -14.490732 0.165588 0.100002 0.000066 -0.000246 0.253864 0.967240
1641.400000 -14.505588 0.157163 0.100002 -0.000011 0.000003 0.844984 0.534792
1642.427000 -14.531920 0.171223 0.100001 -0.000120 -0.000008 0.993551 -0.113387
1643.503000 -14.770975 0.029841 0.099930 0.000421 0.000012 0.958926 -0.283655
1644.504000 -14.965221 -0.098635 0.100000 -0.000231 -0.000124 0.883176 -0.469042
1645.531000 -14.965371 -0.267723 0.099998 -0.000243 -0.000223 -0.721002 0.692932
1646.581000 -15.006465 -0.759623 0.099992 -0.000309 -0.000188 -0.743605 0.668619
1647.605000 -15.062329 -1.265499 0.100001 -0.000196 -0.000174 -0.745552 0.666447
1648.606000 -15.118388 -1.762587 0.100002 -0.000242 -0.000217 -0.745772 0.666202
1649.606000 -15.121740 -1.802368 0.100001 0.000201 0.000257 -0.608330 0.793684
1650.706000 -15.123696 -1.802234 0.100001 0.000007 0.000204 -0.019783 0.999804
1651.709000 -15.141243 -1.808448 0.100000 0.000026 -0.000033 0.648563 0.761161
1652.761000 -15.155453 -1.792866 0.100001 -0.000289 0.000042 0.990796 0.135362
1653.814000 -15.154723 -1.791913 0.099999 0.000049 0.000007 0.892152 -0.451735
1654.865000 -15.150448 -1.773282 0.100002 0.000090 0.000254 -0.337171 0.941444
1655.869000 -15.055516 -1.749797 0.099986 0.000112 -0.000341 0.155251 0.987875
1656.947000 -14.922648 -1.717833 0.099995 -0.000066 -0.000266 -0.229364 0.973341
1657.997000 -14.619163 -1.906796 0.099921 -0.000051 -0.000367 -0.288586 0.957454
1659.124000 -14.485273 -1.960886 0.099998 0.000061 -0.000336 0.156733 0.987641
1660.150000 -14.140077 -1.775020 0.099923 0.000021 -0.000389 0.275043 0.961432
1661.151000 -13.932643 -1.696198 0.099968 0.000134 -0.000356 0.183493 0.983021
1662.151000 -13.807981 -1.670957 0.099990 -0.000078 -0.000340 -0.170458 0.985365
1663.251000 -13.502345 -1.809726 0.100016 -0.000130 -0.000368 -0.194371 0.980928
1664.252000 -13.233211 -1.877953 0.099966 -0.000123 -0.000359 -0.167732 0.985833
1665.354000 -12.754295 -2.059730 0.099951 -0.000145 -0.000361 -0.184914 0.982755
1666.355000 -12.772451 -2.067212 0.099999 -0.000096 0.000212 0.374183 0.927355
1667.360000 -12.604397 -1.835234 0.099937 0.000240 -0.000363 0.463826 0.885926
1668.360000 -12.591008 -1.809818 0.100002 0.000003 -0.000338 0.004830 0.999988
1669.461000 -12.175713 -1.829665 0.099992 -0.000044 -0.000340 -0.044472 0.999011
1670.511000 -11.660969 -1.882951 0.099998 -0.000051 -0.000306 -0.054292 0.998525
1671.560000 -11.140564 -1.940240 0.099993 0.000004 0.000088 -0.055175 0.998477
1672.611000 -10.618068 -1.998245 0.099999 0.000007 0.000086 -0.055252 0.998472
1673.711000 -10.071557 -2.058943 0.100001 -0.000017 -0.000315 -0.055328 0.998468
1674.811000 -9.524965 -2.119753 0.100001 -0.000012 -0.000260 -0.055383 0.998465
1675.862000 -9.002920 -2.177884 0.100002 -0.000010 -0.000163 -0.055433 0.998462
1676.963000 -8.714144 -2.196435 0.099995 0.000085 -0.000338 0.163965 0.986466
1677.968000 -8.359920 -2.046929 0.099954 0.000128 -0.000373 0.208136 0.978100
1679.070000 -7.892755 -1.830361 0.099938 0.000087 -0.000342 0.219907 0.975521
1680.200000 -7.401518 -1.592337 0.099942 0.000104 -0.000392 0.223648 0.974670
1681.256000 -6.940508 -1.366864 0.099941 0.000107 -0.000391 0.224218 0.974539
1682.307000 -6.588367 -1.195010 0.099999 0.000045 -0.000226 0.153335 0.988174
1683.357000 -6.541917 -1.239129 0.099946 -0.000049 -0.000381 -0.319317 0.947648
1684.408000 -6.218799 -1.490779 0.099914 -0.000001 -0.000402 -0.323250 0.946313
1685.484000 -5.829734 -1.793179 0.099911 -0.000026 -0.000334 -0.319269 0.947664
1686.559000 -5.533192 -2.019294 0.100002 -0.000135 -0.000303 -0.410029 0.912073
1687.607000 -5.403682 -2.271091 0.099935 -0.000255 -0.000334 -0.507214 0.861820
1688.660000 -5.174689 -2.672825 0.099917 -0.000165 -0.000307 -0.499121 0.866532
1689.710000 -4.928849 -3.103151 0.099902 -0.000154 -0.000271 -0.499393 0.866376
1690.809000 -4.663375 -3.565444 0.099982 -0.000128 -0.000344 -0.498532 0.866871
1691.912000 -4.550528 -3.761208 0.100002 -0.000068 -0.000125 -0.484017 0.875058
1693.010000 -4.562713 -3.769640 0.100002 -0.000041 0.000175 0.233109 0.972450
1694.067000 -4.576154 -3.787283 0.100001 -0.000191 0.000153 0.784480 0.620154
1695.193000 -4.602410 -3.772572 0.099999 -0.000096 0.000001 0.997755 -0.066964
1696.219000 -4.600481 -3.756022 0.100002 0.000161 0.000158 -0.713263 0.700897
1697.271000 -4.598792 -3.740453 0.099983 -0.000061 -0.000370 -0.166123 0.986105
1698.371000 -4.431388 -3.800509 0.100002 -0.000126 -0.000230 -0.479385 0.877604
1699.448000 -4.432544 -4.036179 0.100001 -0.000239 -0.000239 -0.710756 0.703439
1700.523000 -4.448344 -4.553110 0.100002 -0.000223 -0.000212 -0.722195 0.691690
1701.572000 -4.472390 -5.075757 0.099999 -0.000236 -0.000215 -0.723499 0.690325
1702.599000 -4.477234 -5.263284 0.099998 0.000178 0.000075 0.907146 -0.420816
1703.703000 -4.563468 -5.231920 0.099981 0.000356 -0.000093 0.979967 0.199158
1704.753000 -4.942534 -5.020063 0.099911 0.000289 -0.000095 0.963417 0.268008
1705.801000 -5.220736 -4.851612 0.100002 0.000109 -0.000050 0.923805 0.382864
1706.863000 -5.205406 -4.754704 0.100000 0.000228 -0.000246 0.672167 0.740400
1707.914000 -5.115842 -4.290470 0.099972 0.000159 -0.000338 0.621745 0.783220
1708.963000 -4.996245 -3.791745 0.099998 0.000164 -0.000275 0.616072 0.787690
1709.990000 -4.992181 -3.574200 0.100000 0.000239 -0.000232 0.733740 0.679430
1711.071000 -5.068872 -3.076893 0.099994 0.000236 -0.000190 0.768148 0.640272
1712.121000 -5.164363 -2.562793 0.100001 -0.000046 0.000040 0.769445 0.638713
1713.197000 -5.263435 -2.034472 0.100001 -0.000212 0.000173 0.769562 0.638572
1714.197000 -5.288038 -1.898865 0.100001 0.000138 -0.000244 0.501682 0.865052
1715.250000 -5.264466 -1.893959 0.100001 0.000039 0.000236 -0.147182 0.989109
1716.348000 -4.978821 -2.032860 0.100097 -0.000299 -0.000003 -0.241389 0.970428
1717.349000 -4.939054 -2.015499 0.099974 0.000047 -0.000387 0.294018 0.955800
1718.351000 -4.680512 -1.827906 0.100161 0.000750 -0.000732 0.313107 0.949717
1719.353000 -4.492581 -1.774043 0.099975 0.000130 -0.000346 0.177002 0.984210
1720.403000 -4.314440 -1.731333 0.100001 -0.000015 -0.000338 -0.036835 0.999321
1721.433000 -3.880405 -1.806950 0.099978 -0.000123 -0.000352 -0.109762 0.993958
1722.437000 -3.404930 -1.919068 0.099987 -0.000158 -0.000356 -0.119463 0.992839
1723.494000 -3.146550 -1.952212 0.100001 0.000009 -0.000332 0.042179 0.999110
1724.518000 -2.696006 -1.881395 0.100000 0.000034 -0.000316 0.099237 0.995064
1725.568000 -2.186266 -1.775843 0.100002 0.000018 -0.000176 0.103086 0.994672
1726.573000 -1.694802 -1.672580 0.099999 -0.000019 0.000115 0.103507 0.994629
1727.700000 -1.498879 -1.632212 0.100002 0.000054 0.000225 -0.241356 0.970437
1728.750000 -1.460299 -1.732364 0.099971 -0.000174 -0.000334 -0.559574 0.828781
1729.799000 -1.356005 -1.993476 0.099999 -0.000193 -0.000283 -0.623828 0.781562
1730.851000 -1.294788 -2.236451 0.100000 -0.000232 -0.000224 -0.718209 0.695828
1731.902000 -1.400407 -2.510813 0.099949 -0.000347 -0.000192 -0.837394 0.546599
1732.951000 -1.599524 -2.940568 0.099936 -0.000356 -0.000204 -0.846721 0.532036
1733.953000 -1.805422 -3.369247 0.099932 -0.000351 -0.000203 -0.848330 0.529468
1734.953000 -1.974288 -3.722733 0.100099 0.000698 0.000194 -0.846847 0.531836
1735.953000 -1.976070 -3.736064 0.099999 -0.000064 -0.000083 -0.656317 0.754485
1737.007000 -1.975333 -3.750902 0.099999 -0.000002 0.000066 0.022913 0.999738
1738.059000 -1.998318 -3.768919 0.100001 0.000196 -0.000230 0.653297 0.757102
1739.060000 -2.008862 -3.758209 0.099999 -0.000065 0.000024 0.970537 0.240951
1740.063000 -2.026041 -3.754009 0.099999 -0.000121 -0.000064 0.893169 -0.449721
1741.112000 -2.027164 -3.722803 0.100000 -0.000066 -0.000149 -0.397819 0.917464
1742.214000 -2.012424 -3.719086 0.100000 -0.000082 0.000327 0.262536 0.964922
1743.214000 -1.999674 -3.708037 0.100000 -0.000022 0.000020 0.823734 0.566977
1744.215000 -1.973403 -3.723931 0.100000 0.000074 0.000009 0.997980 -0.063534
1745.314000 -2.128538 -3.844700 0.099943 0.000429 0.000055 0.942998 -0.332799
1746.419000 -2.167632 -3.881194 0.100001 -0.000238 -0.000240 -0.664822 0.747002
1747.468000 -2.059483 -4.262064 0.099970 -0.000135 -0.000377 -0.573639 0.819108
1748.473000 -1.892912 -4.713365 0.099976 -0.000169 -0.000425 -0.570509 0.821291
1749.577000 -1.835939 -4.887500 0.100002 -0.000183 -0.000286 -0.552986 0.833191
1750.605000 -1.836543 -4.887501 0.100002 -0.000085 -0.000284 -0.283005 0.959118
1752.711000 -1.840363 -4.886273 0.099999 0.000002 0.000011 -0.118678 0.992933
1753.810000 -1.831305 -4.881540 0.100003 0.000038 -0.000356 0.109318 0.994007
1754.812000 -1.830323 -4.880321 0.100001 0.000085 -0.000235 0.334796 0.942291
1755.861000 -1.669561 -4.684231 0.099940 0.000181 -0.000382 0.409058 0.912508
1756.913000 -1.572858 -4.586390 0.099999 0.000012 -0.000224 0.041221 0.999150
1758.012000 -1.180461 -4.542326 0.100000 0.000024 -0.000333 0.084528 0.996421
1759.137000 -0.638294 -4.433811 0.099999 0.000017 -0.000198 0.103928 0.994585
1760.240000 -0.474847 -4.405009 0.100003 0.000044 -0.000340 0.121063 0.992645
1761.315000 -0.468688 -4.412659 0.099996 -0.000139 -0.000303 -0.387878 0.921711
1762.317000 -0.387104 -4.474861 0.099996 -0.000078 -0.000399 -0.147950 0.988995
1763.419000 -0.325151 -4.493124 0.099999 -0.000007 -0.000320 -0.039314 0.999227
1764.496000 -0.172317 -4.597560 0.099940 -0.000032 -0.000431 -0.311170 0.950354
1765.501000 -0.046563 -4.699116 0.100000 -0.000167 -0.000203 -0.612900 0.790160
1766.651000 -0.045049 -4.716219 0.099999 0.000035 0.000015 0.983081 -0.183171
1767.705000 -0.337240 -4.763001 0.100000 0.000339 0.000056 0.994140 -0.108098
1768.829000 -0.863243 -4.902213 0.099996 0.000324 0.000084 0.990927 -0.134399
1769.956000 -1.314746 -5.026498 0.100012 0.000227 -0.000007 0.995303 -0.096808
1771.007000 -1.337272 -4.982391 0.099957 0.000364 -0.000162 0.899579 0.436758
1772.007000 -1.566530 -4.699340 0.099948 0.000332 -0.000207 0.907865 0.419263
1773.099000 -1.825956 -4.471553 0.099934 0.000391 -0.000129 0.967246 0.253840
1774.126000 -2.026462 -4.394660 0.100001 0.000247 -0.000080 0.949490 0.313796
1775.201000 -2.059501 -4.270612 0.099986 0.000329 -0.000161 0.801586 0.597879
1776.201000 -2.166819 -3.959026 0.100001 0.000065 -0.000038 0.781603 0.623776
1777.304000 -2.097882 -3.880191 0.099947 0.000213 -0.000349 0.409589 0.912270
1778.358000 -1.804759 -3.571881 0.099929 0.000146 -0.000393 0.388505 0.921447
1779.360000 -1.516800 -3.273147 0.100285 -0.000438 0.001206 0.385508 0.922704
1780.364000 -1.511643 -3.172848 0.099999 0.000212 -0.000267 0.651568 0.758590
1781.388000 -1.487340 -3.022314 0.099999 0.000074 -0.000211 0.317949 0.948108
1782.414000 -1.359851 -2.965554 0.099996 0.000020 -0.000091 0.334601 0.942360
1783.414000 -1.158890 -2.736081 0.099933 0.000193 -0.000364 0.425811 0.904812
1784.466000 -1.123916 -2.679635 0.100002 0.000192 -0.000277 0.575146 0.818051
1787.817000 -1.095880 -2.532350 0.099998 0.000177 -0.000276 0.469163 0.883112
1788.868000 -1.030080 -2.462158 0.099989 0.000146 -0.000314 0.251578 0.967837
1789.869000 -0.941551 -2.428958 0.100001 0.000007 -0.000329 0.028884 0.999583
1790.944000 -0.865148 -2.427091 0.099999 -0.000041 -0.000270 -0.184394 0.982852
1793.019000 -0.853782 -2.424587 0.100000 -0.000038 0.000126 0.344219 0.938889
1794.098000 -0.758682 -2.203026 0.099947 0.000213 -0.000341 0.527109 0.849798
1795.147000 -0.676771 -2.085072 0.099978 0.000091 -0.000360 0.208244 0.978077
1796.199000 -0.341851 -1.895340 0.099924 0.000016 -0.000390 0.276119 0.961123
1797.253000 0.060765 -1.637423 0.099920 0.000076 -0.000375 0.276384 0.961047
1798.258000 0.465105 -1.380903 0.099918 0.000069 -0.000351 0.274567 0.961568
1799.258000 0.583794 -1.305436 0.100002 -0.000021 -0.000334 -0.067022 0.997751
1800.258000 0.776720 -1.412721 0.099933 -0.000097 -0.000363 -0.268437 0.963297
1801.260000 0.840888 -1.457475 0.100001 0.000067 -0.000286 0.221671 0.975121
1802.284000 0.828704 -1.470116 0.100002 0.000113 -0.000099 0.756660 0.653809
1803.361000 0.813801 -1.463229 0.099998 -0.000103 0.000013 0.998774 0.049507
1804.364000 0.809893 -1.457142 0.100001 0.000099 0.000081 -0.762265 0.647265
1805.464000 0.805632 -1.438512 0.100002 -0.000044 -0.000234 -0.181976 0.983303
1806.564000 0.820082 -1.428013 0.099999 0.000021 -0.000033 0.477598 0.878579
1807.616000 0.828303 -1.431311 0.099999 0.000021 -0.000011 0.960211 0.279277
1808.618000 0.624558 -1.399431 0.099982 0.000342 -0.000098 0.994822 0.101634
1809.644000 0.479987 -1.369175 0.099988 0.000335 -0.000097 0.897513 0.440988
1810.769000 0.304531 -1.094098 0.100148 0.000928 -0.000027 0.877488 0.479598
1811.798000 0.323330 -1.010102 0.099989 0.000191 -0.000295 0.609768 0.792580
1812.850000 0.424881 -0.706704 0.100000 0.000126 -0.000135 0.664372 0.747402
1813.899000 0.421970 -0.706707 0.099996 0.000075 -0.000021 0.999795 0.020254
1814.974000 0.043701 -0.729762 0.099997 0.000248 0.000027 0.998312 -0.058072
1816.000000 -0.455332 -0.795656 0.100001 0.000280 0.000019 0.997607 -0.069140
1817.006000 -0.542777 -0.804627 0.099997 0.000012 0.000003 0.947811 0.318833
1818.059000 -0.785340 -0.579225 0.099906 0.000301 -0.000090 0.929296 0.369335
1819.109000 -1.122006 -0.257547 0.099901 0.000353 -0.000054 0.929289 0.369353
1820.163000 -1.482723 0.087260 0.099905 0.000349 -0.000073 0.929171 0.369651
1821.213000 -1.854196 0.439878 0.099952 0.000361 -0.000121 0.929309 0.369303
1822.216000 -2.215365 0.780837 0.099992 0.000343 -0.000143 0.929509 0.368798
1823.317000 -2.615309 1.157627 0.100000 0.000306 -0.000120 0.929468 0.368902
1824.319000 -2.923190 1.447671 0.100642 -0.001811 0.001095 0.936188 0.351493
1825.420000 -3.072035 1.430043 0.100000 0.000336 0.000042 0.996039 -0.088916
1826.472000 -3.484922 1.314947 0.100795 -0.002113 -0.002633 0.987867 -0.155268
